[Slider.jpg]
filters=finetune2=1,0.000000,0.000000,0.131930,00000000,0.000000;bw=1;PicnikTint=1,0.000000,0080cfff;CrossProcess=1,36.842106;finetune2=1,0.000000,0.000000,0.115088,00578080,1.000000;radblur=1,0.500000,0.500000,-1.000000,-0.532164;
moddate=31c3b7533dc5d101
width=1440
height=500
textactive=0
